-1000 3000 -600 1200
1000 600 0.150000 1500 2 500

6 99 6 2132 837 0.250000 -0.250000
3 194 3 111 397 0.000000 0.000000
3 129 3 2808 1049 0.000000 0.000000
1 153 1 -934 -162 -0.250000 0.250000
2 101 2 -480 -404 0.250000 -0.250000
4 212 4 1450 -67 0.000000 0.000000
4 246 4 170 788 0.000000 0.250000
3 225 3 133 34 0.250000 0.250000
1 240 1 1103 -445 -0.250000 0.000000
7 88 7 -743 -563 0.000000 -0.250000
2 245 2 2608 931 0.000000 0.000000
3 192 3 1050 601 0.000000 -0.250000
4 235 4 2723 697 0.000000 0.000000
5 89 5 1751 -301 0.000000 0.250000
6 83 6 -84 1008 0.000000 0.000000
7 148 7 1629 945 0.000000 0.250000
3 206 3 1736 1039 0.000000 -0.250000
7 232 7 -409 985 0.000000 0.000000
5 71 5 2144 -46 0.000000 -0.250000
2 69 2 1225 149 -0.250000 0.250000
1 31 1 981 768 0.250000 0.250000
5 96 5 1999 63 0.000000 -0.250000
5 61 5 -390 717 -0.250000 0.250000
2 188 2 -701 1110 -0.250000 0.000000
2 60 2 2191 718 0.000000 0.250000
5 192 5 -626 -357 0.000000 -0.250000
1 51 1 845 875 0.000000 0.250000
1 39 1 2999 -232 0.250000 -0.250000
7 13 7 2482 -469 -0.250000 0.250000
5 45 5 -347 105 0.250000 0.250000
3 139 3 1317 214 0.000000 -0.250000
4 191 4 217 1186 0.000000 0.250000
6 159 6 -858 746 0.250000 0.250000
7 210 7 2917 738 0.250000 0.250000
5 125 5 -344 894 0.250000 -0.250000
5 62 5 1517 -187 0.000000 0.000000
3 58 3 -703 539 -0.250000 0.000000
4 245 4 120 382 0.000000 -0.250000
4 149 4 2777 211 0.000000 0.250000
4 0 4 379 477 0.250000 -0.250000
5 122 5 927 -51 0.000000 -0.250000
5 10 5 655 652 0.000000 0.000000
3 46 3 1436 528 0.000000 0.000000
6 51 6 2683 632 0.000000 0.000000
4 22 4 41 979 0.000000 -0.250000
1 91 1 1306 467 0.000000 0.000000
6 72 6 318 -258 0.250000 -0.250000
6 83 6 -247 185 0.250000 0.250000
6 176 6 -515 634 0.000000 0.250000
7 231 7 2447 -233 0.250000 0.000000
3 228 3 2638 973 0.000000 0.000000
2 69 2 2458 286 0.000000 0.250000
4 73 4 -278 631 0.000000 -0.250000
5 124 5 2352 703 -0.250000 -0.250000
4 30 4 -447 48 0.000000 0.250000
7 157 7 2347 872 0.000000 0.000000
3 166 3 1435 -133 -0.250000 -0.250000
1 163 1 454 -81 0.000000 -0.250000
3 236 3 1334 -122 0.000000 0.250000
4 39 4 2532 526 0.000000 -0.250000
4 107 4 2319 109 -0.250000 0.000000
6 161 6 2939 8 0.250000 -0.250000
3 1 3 2133 793 0.000000 -0.250000
7 182 7 -803 208 0.250000 0.000000
2 119 2 2460 -430 -0.250000 0.000000
3 166 3 2236 -362 -0.250000 -0.250000
4 197 4 1768 196 -0.250000 0.000000
5 134 5 1380 51 0.000000 0.250000
4 42 4 1438 346 0.000000 0.000000
2 209 2 -719 -422 0.250000 -0.250000
4 57 4 2307 -76 0.000000 0.250000
3 206 3 1636 -534 0.000000 0.250000
5 211 5 232 -202 -0.250000 0.000000
1 170 1 2129 695 -0.250000 0.000000
3 109 3 -76 94 0.000000 -0.250000
4 3 4 520 87 0.000000 0.000000
2 164 2 1209 1055 0.000000 0.250000
5 78 5 1583 -589 0.000000 0.250000
5 162 5 1074 121 0.000000 0.000000
6 171 6 -388 -540 -0.250000 0.000000
2 156 2 1801 422 -0.250000 -0.250000
3 66 3 1621 943 -0.250000 0.000000
5 222 5 1613 -36 0.250000 -0.250000
2 127 2 2315 616 0.250000 -0.250000
3 178 3 2475 385 0.000000 0.250000
2 234 2 1205 1080 0.000000 0.000000
7 202 7 2256 470 0.000000 0.250000
7 82 7 2497 460 0.000000 0.250000
6 201 6 51 487 0.000000 -0.250000
6 218 6 2492 595 0.000000 0.000000
5 163 5 1154 -332 0.000000 -0.250000
5 131 5 2330 327 -0.250000 0.000000
4 12 4 2257 92 0.000000 0.000000
2 104 2 -11 132 -0.250000 0.000000
5 205 5 1330 204 0.000000 0.250000
1 18 1 1563 475 -0.250000 -0.250000
5 233 5 1951 233 0.000000 0.250000
7 240 7 2596 780 0.000000 0.000000
2 120 2 2799 239 0.250000 0.250000
2 115 2 2120 779 0.250000 0.000000
6 243 6 327 124 0.000000 0.000000
5 48 5 911 48 0.000000 0.250000
2 153 2 2461 -402 0.000000 -0.250000
5 149 5 1706 473 -0.250000 0.000000
4 61 4 -924 18 -0.250000 0.250000
5 194 5 2548 1079 -0.250000 0.000000
4 201 4 1556 1138 -0.250000 0.000000
7 92 7 2597 745 0.000000 0.000000
7 30 7 2462 521 0.000000 0.250000
2 71 2 -331 -234 0.000000 -0.250000
1 57 1 2787 -575 -0.250000 -0.250000
4 164 4 2660 -418 0.000000 -0.250000
3 125 3 746 -72 -0.250000 0.250000
4 48 4 -861 177 0.250000 0.250000
3 252 3 -857 342 -0.250000 0.000000
5 82 5 2557 564 0.000000 -0.250000
6 203 6 1794 627 0.250000 0.000000
6 75 6 2237 -259 0.000000 -0.250000
1 39 1 -23 -354 0.000000 -0.250000
7 239 7 -775 1065 0.000000 0.000000
5 42 5 1338 257 0.250000 0.250000
4 147 4 1917 -194 0.000000 0.000000
4 4 4 2726 25 -0.250000 0.000000
3 77 3 1719 561 0.000000 0.000000
5 84 5 -141 766 0.000000 0.000000
1 213 1 2409 481 0.000000 0.000000
4 214 4 0 -138 -0.250000 0.000000
7 154 7 1124 878 0.250000 0.000000
3 91 3 -824 -557 -0.250000 0.000000
3 179 3 2280 313 0.000000 -0.250000
2 122 2 2693 -521 -0.250000 -0.250000
5 154 5 -628 1130 0.250000 -0.250000
4 191 4 2110 -587 0.000000 0.000000
6 233 6 -614 817 0.250000 -0.250000
2 60 2 2238 -428 0.000000 0.000000
2 237 2 2043 -425 0.250000 0.250000
3 175 3 826 181 0.000000 0.000000
5 32 5 -674 80 -0.250000 0.000000
1 222 1 1329 -220 0.000000 0.000000
3 238 3 2072 -380 -0.250000 0.000000
3 53 3 810 -311 0.000000 0.000000
1 164 1 -495 231 -0.250000 0.250000
6 173 6 2640 960 -0.250000 -0.250000
4 44 4 2711 -402 0.000000 0.000000
5 177 5 1157 131 0.250000 0.000000
7 56 7 2156 73 0.000000 -0.250000
6 97 6 1989 1081 0.250000 0.250000
6 160 6 1064 524 0.000000 0.000000
5 7 5 2023 479 -0.250000 -0.250000
2 196 2 2377 723 -0.250000 0.000000
3 26 3 2553 -415 0.000000 0.000000
2 72 2 1630 1104 -0.250000 0.000000
6 236 6 -431 -69 0.000000 0.000000
7 58 7 1695 532 0.250000 0.250000
6 7 6 1361 511 0.250000 0.250000
2 19 2 2520 -289 -0.250000 0.000000
4 95 4 1590 -418 0.000000 0.250000
5 26 5 2223 749 0.000000 0.000000
3 68 3 1398 -477 0.250000 0.000000
7 170 7 842 248 0.000000 -0.250000
2 145 2 204 -373 0.000000 0.000000
4 48 4 2435 -359 0.000000 -0.250000
1 227 1 155 855 0.000000 0.000000
2 11 2 2838 795 -0.250000 0.250000
2 251 2 1144 602 0.000000 0.250000
7 180 7 621 -251 0.250000 -0.250000
5 81 5 388 358 0.000000 0.000000
6 116 6 1164 -589 0.000000 -0.250000
5 112 5 -54 575 -0.250000 0.000000
4 107 4 374 -509 -0.250000 0.250000
7 249 7 1085 -88 -0.250000 0.000000
4 216 4 1732 815 0.000000 -0.250000
3 26 3 1401 1141 -0.250000 0.250000
2 203 2 252 112 0.000000 0.000000
6 245 6 2835 -440 -0.250000 -0.250000
7 227 7 -841 154 -0.250000 -0.250000
6 157 6 -705 230 0.000000 0.000000
5 211 5 1253 -235 0.250000 0.000000
1 243 1 900 92 0.000000 0.250000
7 26 7 2603 976 -0.250000 0.250000
7 22 7 2283 1143 0.000000 -0.250000
2 72 2 1510 -128 0.000000 -0.250000
6 88 6 2488 -86 0.000000 0.000000
7 157 7 1551 179 -0.250000 0.250000
3 234 3 -602 -123 0.250000 0.000000
2 184 2 522 -587 0.000000 0.250000
1 224 1 -293 550 -0.250000 0.250000
5 220 5 103 385 -0.250000 0.250000
2 28 2 810 949 0.000000 0.000000
6 230 6 546 1120 -0.250000 -0.250000
2 91 2 2669 530 0.000000 0.000000
4 95 4 1007 649 -0.250000 0.000000
5 175 5 1080 1011 -0.250000 0.000000
6 117 6 2152 -282 0.000000 0.000000
5 46 5 -25 -555 -0.250000 0.000000
2 97 2 2111 -366 -0.250000 -0.250000
6 134 6 1094 -155 -0.250000 0.000000
7 213 7 -58 150 0.000000 0.000000
1 117 1 2764 985 0.000000 0.000000
2 70 2 793 224 0.000000 0.000000
7 130 7 2887 576 0.000000 0.250000
6 98 6 1062 -19 0.000000 0.000000
7 135 7 1337 -420 0.250000 0.000000
5 10 5 2148 331 0.250000 0.000000
6 35 6 1821 -181 0.000000 -0.250000
6 119 6 1090 823 -0.250000 -0.250000
6 234 6 1227 -75 -0.250000 -0.250000
1 28 1 1909 508 -0.250000 0.000000
7 199 7 1886 708 0.000000 0.000000
2 22 2 2137 946 0.000000 0.000000
7 35 7 2418 102 0.250000 0.250000
4 179 4 2627 -394 -0.250000 -0.250000
3 8 3 68 -536 0.000000 0.000000
5 148 5 68 182 0.000000 0.000000
1 118 1 1653 956 0.000000 0.250000
2 49 2 -489 -417 0.000000 -0.250000
1 35 1 2076 1181 0.000000 0.250000
2 142 2 2203 140 0.000000 0.000000
7 79 7 -857 -316 0.000000 0.000000
6 209 6 2270 109 0.000000 -0.250000
3 237 3 361 313 -0.250000 0.250000
4 31 4 -729 6 -0.250000 0.000000
1 64 1 2553 1032 0.000000 0.000000
3 141 3 2200 103 0.000000 0.000000
6 113 6 499 404 0.250000 -0.250000
5 55 5 -974 -520 0.000000 -0.250000
7 74 7 -323 -533 0.000000 0.000000
3 187 3 1152 -151 0.000000 -0.250000
6 0 6 2059 366 0.000000 0.000000
1 33 1 2712 226 0.000000 0.250000
4 100 4 2957 359 0.000000 0.000000
5 103 5 -943 748 0.000000 0.000000
1 203 1 549 423 -0.250000 -0.250000
6 200 6 -853 371 0.000000 0.000000
1 104 1 1252 1107 0.250000 0.000000
6 101 6 1600 672 0.250000 -0.250000
3 129 3 991 190 0.000000 0.250000
1 73 1 1996 253 0.250000 0.250000
4 160 4 1387 380 -0.250000 0.250000
7 49 7 360 367 -0.250000 -0.250000
6 218 6 1452 197 0.000000 0.000000
4 251 4 -763 -545 0.000000 0.000000
7 131 7 1453 700 0.250000 0.000000
4 126 4 -563 -376 -0.250000 0.000000
1 5 1 917 102 0.000000 0.000000
5 88 5 941 -210 0.250000 -0.250000
6 82 6 -809 879 0.000000 0.000000
2 83 2 2996 761 -0.250000 0.250000
2 146 2 975 10 0.000000 0.000000
5 190 5 1244 -415 -0.250000 -0.250000
6 188 6 882 -219 0.250000 0.000000
2 183 2 1362 -35 0.000000 0.250000
6 174 6 104 827 0.000000 0.000000
6 171 6 2626 -97 -0.250000 0.000000
6 161 6 448 84 0.000000 0.000000
4 118 4 7 1147 0.000000 -0.250000
2 239 2 2763 886 0.000000 0.000000
6 13 6 -284 -512 0.250000 0.000000
3 159 3 208 -90 0.250000 0.000000
7 184 7 2826 -142 -0.250000 0.000000
6 154 6 -339 -578 0.000000 0.250000
2 206 2 2154 -298 0.000000 -0.250000
5 104 5 -604 903 0.000000 0.250000
4 212 4 1296 773 -0.250000 0.000000
1 3 1 -149 -532 0.000000 0.000000
6 7 6 2725 1020 -0.250000 0.000000
6 67 6 306 358 0.000000 0.250000
5 23 5 527 621 0.250000 0.250000
5 97 5 1735 -246 -0.250000 0.250000
5 58 5 2284 1007 0.000000 -0.250000
2 0 2 -522 -336 0.250000 -0.250000
5 163 5 710 1171 -0.250000 0.250000
7 192 7 2816 0 0.000000 0.250000
2 15 2 70 951 0.000000 0.000000
5 236 5 1592 281 0.250000 0.250000
5 11 5 2677 658 -0.250000 0.250000
7 214 7 881 -83 0.250000 0.000000
2 198 2 640 -412 -0.250000 0.250000
7 74 7 2632 -145 -0.250000 -0.250000
5 209 5 -594 -27 0.000000 0.250000
2 226 2 2901 -322 0.000000 -0.250000
7 115 7 -944 204 0.000000 0.250000
1 225 1 1521 313 0.250000 0.000000
3 248 3 -820 -125 -0.250000 -0.250000
3 228 3 -877 353 -0.250000 0.000000
4 115 4 -24 185 0.000000 0.250000
5 148 5 181 508 -0.250000 -0.250000
4 33 4 2722 -433 0.000000 0.250000
6 251 6 2638 994 0.000000 -0.250000
1 173 1 -805 -383 -0.250000 0.000000
4 171 4 1914 680 -0.250000 0.000000
4 181 4 2710 923 0.000000 0.250000
7 200 7 -619 867 0.250000 0.000000
6 184 6 1923 574 0.000000 0.250000
6 177 6 1710 921 0.250000 0.250000
1 73 1 1292 922 -0.250000 0.000000
2 140 2 614 -396 0.000000 0.000000
1 72 1 1119 -292 -0.250000 0.000000
7 213 7 -422 546 0.000000 0.250000
5 74 5 846 -51 -0.250000 0.000000
2 64 2 1306 791 -0.250000 0.000000
4 72 4 -467 954 0.000000 0.000000
5 120 5 2274 -366 0.000000 0.250000
4 139 4 2048 643 -0.250000 0.000000
4 206 4 1201 1039 -0.250000 0.000000
2 81 2 2774 790 -0.250000 -0.250000
3 140 3 321 272 0.000000 0.000000
1 4 1 -183 907 -0.250000 0.250000
6 175 6 605 333 0.000000 0.000000
6 210 6 623 -11 0.000000 0.000000
1 237 1 2390 1126 0.000000 0.250000
1 16 1 981 1 0.000000 0.250000
1 143 1 2723 -118 0.000000 -0.250000
1 40 1 2084 333 0.000000 -0.250000
1 115 1 2953 326 0.250000 0.000000
1 202 1 1688 999 0.250000 0.000000
6 192 6 795 -14 -0.250000 0.250000
2 40 2 1263 -294 0.000000 0.250000
2 137 2 -470 -565 -0.250000 0.250000
2 43 2 73 -307 0.000000 -0.250000
7 183 7 2399 420 0.000000 0.000000
7 112 7 473 120 0.250000 0.000000
3 2 3 1486 1135 -0.250000 -0.250000
7 108 7 1363 -478 0.000000 0.000000
7 156 7 2291 -333 0.250000 0.000000
2 171 2 -64 -510 -0.250000 0.250000
5 49 5 175 -554 0.000000 -0.250000
4 251 4 -703 -401 0.250000 0.000000
2 226 2 1720 747 0.250000 -0.250000
3 212 3 1984 -196 0.250000 0.000000
6 47 6 -175 1138 -0.250000 0.000000
6 226 6 1581 -404 0.250000 -0.250000
2 103 2 -61 -154 0.000000 -0.250000
4 171 4 -655 -274 0.000000 -0.250000
3 209 3 2551 -504 -0.250000 0.250000
5 198 5 -736 817 0.000000 0.000000
2 142 2 -203 989 0.000000 -0.250000
1 214 1 1115 46 -0.250000 -0.250000
4 150 4 1904 547 0.250000 -0.250000
5 20 5 2921 430 -0.250000 -0.250000
4 181 4 2263 328 0.000000 0.000000
6 187 6 -479 -565 0.000000 0.250000
1 189 1 1600 601 -0.250000 0.000000
6 167 6 355 196 0.000000 -0.250000
5 248 5 -211 435 0.000000 0.000000
5 1 5 -800 162 0.000000 0.000000
7 86 7 190 -385 0.000000 0.250000
7 126 7 1696 430 -0.250000 0.250000
3 223 3 777 580 0.000000 0.000000
6 232 6 1906 1141 0.000000 0.000000
3 25 3 155 30 0.000000 0.250000
7 130 7 -390 -234 0.000000 0.000000
1 140 1 -950 841 -0.250000 -0.250000
5 112 5 -751 -548 -0.250000 0.000000
6 220 6 229 296 0.250000 0.250000
6 35 6 2621 -474 0.000000 0.000000
7 100 7 2786 -540 0.000000 0.000000
4 183 4 -448 405 0.000000 0.000000
6 27 6 1856 839 -0.250000 0.250000
2 230 2 1758 289 0.000000 0.000000
3 47 3 1682 -235 0.000000 -0.250000
5 35 5 1229 444 -0.250000 -0.250000
2 182 2 2526 -61 0.000000 0.000000
4 3 4 1071 -94 0.250000 0.000000
1 0 1 1267 816 0.000000 0.250000
3 200 3 -341 1177 0.250000 0.000000
2 159 2 1256 671 -0.250000 0.000000
7 93 7 826 739 0.000000 0.000000
2 59 2 2000 605 0.000000 0.000000
3 155 3 1269 1007 0.000000 -0.250000
7 181 7 2428 -540 0.000000 0.250000
4 216 4 929 -562 0.000000 0.000000
6 107 6 -748 -212 -0.250000 0.000000
7 81 7 2877 659 0.250000 0.000000
2 80 2 -593 897 -0.250000 0.000000
7 20 7 -111 755 -0.250000 0.250000
5 144 5 2136 -441 0.000000 0.000000
6 88 6 2082 917 0.000000 0.250000
5 129 5 43 381 -0.250000 0.000000
1 120 1 1278 -359 0.000000 0.250000
5 52 5 2438 946 0.250000 0.250000
6 142 6 1165 429 0.000000 -0.250000
7 109 7 923 639 0.000000 -0.250000
5 215 5 1233 1000 0.000000 0.250000
1 108 1 -2 679 0.000000 0.000000
4 50 4 2060 31 -0.250000 0.000000
3 214 3 153 955 0.000000 0.250000
7 85 7 497 259 -0.250000 0.000000
4 165 4 1012 -455 0.000000 0.250000
6 172 6 322 -418 0.000000 0.250000
5 224 5 -623 165 -0.250000 -0.250000
2 141 2 -998 187 0.000000 0.000000
3 106 3 2022 756 0.250000 0.250000
3 106 3 734 1033 0.000000 0.250000
6 89 6 1637 -350 0.000000 -0.250000
1 28 1 2756 -371 0.000000 -0.250000
2 174 2 1939 -94 -0.250000 -0.250000
5 127 5 1315 219 0.000000 0.000000
2 167 2 2584 605 0.000000 0.000000
5 95 5 1991 -50 0.000000 -0.250000
3 138 3 256 -63 0.000000 0.250000
4 241 4 1161 -225 -0.250000 0.000000
3 236 3 -319 1102 0.000000 0.000000
3 158 3 -640 -27 0.000000 0.000000
5 238 5 -854 231 -0.250000 0.000000
5 153 5 -593 1158 0.250000 0.250000
6 95 6 1933 65 0.000000 0.250000
1 241 1 2624 -229 0.250000 0.000000
5 81 5 2703 703 0.000000 -0.250000
3 89 3 -332 155 0.250000 0.000000
7 120 7 -910 -467 0.000000 0.250000
6 71 6 222 452 0.000000 0.250000
4 174 4 2381 228 0.250000 0.000000
6 134 6 -739 631 0.000000 0.000000
7 161 7 -772 -465 -0.250000 0.250000
4 7 4 398 321 -0.250000 0.250000
4 241 4 -644 740 0.000000 0.000000
5 23 5 732 267 0.000000 0.000000
2 78 2 2437 -75 0.250000 -0.250000
7 228 7 2000 -506 0.250000 0.250000
7 118 7 2341 -107 0.250000 0.250000
1 105 1 2566 -299 -0.250000 0.000000
7 202 7 1089 18 0.000000 -0.250000
5 128 5 548 357 0.250000 0.000000
5 201 5 146 112 0.250000 0.000000
2 195 2 1930 -532 -0.250000 0.000000
7 31 7 -475 960 0.000000 0.000000
3 50 3 -618 874 0.000000 0.000000
7 54 7 2546 -93 0.000000 0.000000
5 99 5 930 1111 0.250000 0.000000
2 251 2 -592 1106 -0.250000 -0.250000
5 1 5 84 825 0.250000 0.000000
1 42 1 2051 -272 0.250000 0.000000
4 223 4 1099 203 -0.250000 0.000000
1 209 1 1676 509 0.250000 0.000000
7 251 7 809 -512 0.250000 0.000000
2 152 2 954 240 0.000000 0.000000
1 122 1 1125 825 0.000000 0.000000
1 56 1 611 523 0.000000 0.000000
7 203 7 583 421 0.000000 -0.250000
1 92 1 -316 263 0.000000 -0.250000
7 154 7 1873 212 -0.250000 -0.250000
6 27 6 1385 19 0.250000 0.000000
7 252 7 941 -119 0.000000 -0.250000
6 131 6 2843 -185 -0.250000 0.000000
3 29 3 1995 437 0.000000 -0.250000
5 141 5 2102 136 -0.250000 0.250000
4 207 4 2842 -384 -0.250000 0.250000
3 7 3 2428 958 0.000000 0.000000
1 33 1 2998 1169 0.000000 -0.250000
3 194 3 -187 -395 0.000000 0.250000
2 8 2 423 -503 0.000000 0.000000
7 244 7 -253 962 -0.250000 0.000000
6 118 6 529 451 0.000000 0.000000
1 89 1 2241 -486 0.000000 -0.250000
2 177 2 2752 37 0.250000 0.000000
2 23 2 264 315 -0.250000 0.250000
7 14 7 1906 -492 0.250000 0.250000
3 164 3 121 830 -0.250000 0.000000
4 75 4 2876 -88 0.000000 0.000000
4 129 4 -957 109 0.250000 0.250000
5 4 5 2687 1185 0.000000 -0.250000
6 101 6 -498 260 0.000000 -0.250000
3 220 3 1797 428 0.000000 0.250000
2 35 2 -68 -322 0.000000 0.000000
4 223 4 -569 250 0.000000 0.250000
3 240 3 2978 -201 0.250000 0.000000
3 175 3 2695 150 -0.250000 0.000000
4 117 4 33 -303 -0.250000 0.250000
1 55 1 -724 -2 0.000000 0.000000
7 211 7 510 -537 0.000000 0.000000
1 154 1 1422 -593 0.250000 0.000000
4 31 4 -22 210 0.000000 0.000000
6 1 6 2526 -431 -0.250000 0.250000
1 67 1 -445 -439 0.000000 0.000000
5 133 5 406 1131 0.000000 0.000000
5 144 5 85 -201 0.000000 -0.250000
6 25 6 -98 -572 0.000000 0.250000
4 97 4 2079 -35 0.000000 0.250000
2 126 2 -167 65 0.000000 0.250000
7 44 7 342 -176 -0.250000 0.250000
7 190 7 873 -297 0.250000 -0.250000
2 188 2 -420 293 0.250000 0.000000
2 48 2 -665 -544 0.000000 0.000000
7 186 7 -737 -278 -0.250000 0.000000
7 250 7 2323 -19 -0.250000 0.250000
2 31 2 1882 639 0.000000 0.000000
6 142 6 760 978 -0.250000 -0.250000
5 80 5 571 582 0.000000 0.250000
2 81 2 1548 -83 0.000000 0.000000
7 123 7 1944 792 0.250000 0.250000
6 7 6 -652 231 0.000000 0.000000
2 113 2 2766 474 0.000000 -0.250000
6 227 6 283 -257 0.000000 0.000000
1 196 1 2974 708 -0.250000 0.000000
4 1 4 2921 -226 0.250000 0.250000
2 132 2 2277 -136 0.250000 0.000000
5 35 5 2950 440 0.000000 0.000000
5 135 5 -142 1019 0.000000 0.250000
5 206 5 1198 417 0.000000 0.000000
